1
00111000
00111000
00010010
01111100
10010000
00101000
00100100
00100010
2
11111111
00000001
11101101
10001001
00111111
10100100
10000001
11111111
3
01000000
01010100
01110101
11111111
11111011
10110010
00100010
00100000
4
00011000
00011100
00011110
00011011
00011000
01111000
11111000
01110000
33
00011000
00011000
00011000
00011000
00011000
00000000
00011000
00000000
34
01101100
01101100
01101100
00000000
00000000
00000000
00000000
00000000
35
01101100
01101100
11111110
01101100
11111110
01101100
01101100
00000000
36
00011000
00111110
01011000
00111100
00011010
01111100
00011000
00000000
37
00000000
11000110
11001100
00011000
00110000
01100110
11000110
00000000
38
00111000
01101100
00111000
01110110
11011110
11001100
01110110
00000000
39
00011000
00011000
00110000
00000000
00000000
00000000
00000000
00000000
40
00001100
00011000
00110000
00110000
00110000
00011000
00001100
00000000
41
00110000
00011000
00001100
00001100
00001100
00011000
00110000
00000000
42
00000000
01100110
00111100
11111111
00111100
01100110
00000000
00000000
43
00000000
00011000
00011000
01111110
00011000
00011000
00000000
00000000
44
00000000
00000000
00000000
00000000
00000000
00011000
00011000
00110000
45
00000000
00000000
00000000
01111110
00000000
00000000
00000000
00000000
46
00000000
00000000
00000000
00000000
00000000
00011000
00011000
00000000
47
00000110
00001100
00011000
00110000
01100000
11000000
10000000
00000000
48
01111100
11000110
11001110
11010110
11100110
11000110
01111100
00000000
49
00011000
00111000
00011000
00011000
00011000
00011000
01111110
00000000
50
00111100
01100110
00000110
00111100
01100000
01100110
01111110
00000000
51
00111100
01100110
00000110
00011100
00000110
01100110
00111100
00000000
52
00011100
00111100
01101100
11001100
11111110
00001100
00011110
00000000
53
01111110
01100010
01100000
01111100
00000110
01100110
00111100
00000000
54
00111100
01100110
01100000
01111100
01100110
01100110
00111100
00000000
55
01111110
01100110
00000110
00001100
00011000
00011000
00011000
00000000
56
00111100
01100110
01100110
00111100
01100110
01100110
00111100
00000000
57
00111100
01100110
01100110
00111110
00000110
01100110
00111100
00000000
58
00000000
00000000
00011000
00011000
00000000
00011000
00011000
00000000
59
00000000
00000000
00011000
00011000
00000000
00011000
00011000
00110000
60
00001100
00011000
00110000
01100000
00110000
00011000
00001100
00000000
61
00000000
00000000
01111110
00000000
00000000
01111110
00000000
00000000
62
01100000
00110000
00011000
00001100
00011000
00110000
01100000
00000000
63
00111100
01100110
01100110
00001100
00011000
00000000
00011000
00000000
64
01111100
11000110
11011110
11011110
11011110
11000000
01111100
00000000
65
00011000
00111100
01100110
01100110
01111110
01100110
01100110
00000000
66
11111100
01100110
01100110
01111100
01100110
01100110
11111100
00000000
67
00111100
01100110
11000000
11000000
11000000
01100110
00111100
00000000
68
11111000
01101100
01100110
01100110
01100110
01101100
11111000
00000000
69
11111110
01100010
01101000
01111000
01101000
01100010
11111110
00000000
70
11111110
01100010
01101000
01111000
01101000
01100000
11110000
00000000
71
00111100
01100110
11000000
11000000
11001110
01100110
00111110
00000000
72
01100110
01100110
01100110
01111110
01100110
01100110
01100110
00000000
73
01111110
00011000
00011000
00011000
00011000
00011000
01111110
00000000
74
00011110
00001100
00001100
00001100
11001100
11001100
01111000
00000000
75
11100110
01100110
01101100
01111000
01101100
01100110
11100110
00000000
76
11110000
01100000
01100000
01100000
01100010
01100110
11111110
00000000
77
11000110
11101110
11111110
11111110
11010110
11000110
11000110
00000000
78
11000110
11100110
11110110
11011110
11001110
11000110
11000110
00000000
79
00111000
01101100
11000110
11000110
11000110
01101100
00111000
00000000
80
11111100
01100110
01100110
01111100
01100000
01100000
11110000
00000000
81
00111000
01101100
11000110
11000110
11011010
11001100
01110110
00000000
82
11111100
01100110
01100110
01111100
01101100
01100110
11100110
00000000
83
00111100
01100110
01100000
00111100
00000110
01100110
00111100
00000000
84
01111110
01011010
00011000
00011000
00011000
00011000
00111100
00000000
85
01100110
01100110
01100110
01100110
01100110
01100110
00111100
00000000
86
01100110
01100110
01100110
01100110
01100110
00111100
00011000
00000000
87
11000110
11000110
11000110
11010110
11111110
11101110
11000110
00000000
88
11000110
01101100
00111000
00111000
01101100
11000110
11000110
00000000
89
01100110
01100110
01100110
00111100
00011000
00011000
00111100
00000000
90
11111110
11000110
10001100
00011000
00110010
01100110
11111110
00000000
91
00111100
00110000
00110000
00110000
00110000
00110000
00111100
00000000
92
11000000
01100000
00110000
00011000
00001100
00000110
00000010
00000000
93
00111100
00001100
00001100
00001100
00001100
00001100
00111100
00000000
94
00011000
00100100
00000000
00000000
00000000
00000000
00000000
00000000
95
00000000
00000000
00000000
00000000
00000000
00000000
11111111
00000000
96
00110000
00011000
00001100
00000000
00000000
00000000
00000000
00000000
97
00000000
00000000
01111000
00001100
01111100
11001100
01110110
00000000
98
11100000
01100000
01111100
01100110
01100110
01100110
11011100
00000000
99
00000000
00000000
00111100
01100110
01100000
01100110
00111100
00000000
100
00011100
00001100
01111100
11001100
11001100
11001100
01110110
00000000
101
00000000
00000000
00111100
01100110
01111110
01100000
00111100
00000000
102
00011100
00110110
00110000
01111000
00110000
00110000
01111000
00000000
103
00000000
00000000
00111110
01100110
01100110
00111110
00000110
01111100
104
11100000
01100000
01101100
01110110
01100110
01100110
11100110
00000000
105
00011000
00000000
00111000
00011000
00011000
00011000
00111100
00000000
106
00000110
00000000
00001110
00000110
00000110
01100110
01100110
00111100
107
11100000
01100000
01100110
01101100
01111000
01101100
11100110
00000000
108
00111000
00011000
00011000
00011000
00011000
00011000
00111100
00000000
109
00000000
00000000
01101100
11111110
11010110
11010110
11000110
00000000
110
00000000
00000000
11011100
01100110
01100110
01100110
01100110
00000000
111
00000000
00000000
00111100
01100110
01100110
01100110
00111100
00000000
112
00000000
00000000
11011100
01100110
01100110
01111100
01100000
11110000
113
00000000
00000000
01111100
11001100
11001100
01111100
00001100
00011110
114
00000000
00000000
11011100
01110110
01100000
01100000
11110000
00000000
115
00000000
00000000
00111100
01100000
00111100
00000110
01111100
00000000
116
00110000
00110000
01111100
00110000
00110000
00110110
00011100
00000000
117
00000000
00000000
01100110
01100110
01100110
01100110
00111110
00000000
118
00000000
00000000
01100110
01100110
01100110
00111100
00011000
00000000
119
00000000
00000000
11000110
11010110
11010110
11111110
01101100
00000000
120
00000000
00000000
11000110
01101100
00111000
01101100
11000110
00000000
121
00000000
00000000
01100110
01100110
00111110
00000110
01111100
00000000
122
00000000
00000000
01111110
01001100
00011000
00110010
01111110
00000000
123
00001110
00011000
00011000
01110000
00011000
00011000
00001110
00000000
124
00011000
00011000
00011000
00011000
00011000
00011000
00011000
00000000
125
01110000
00011000
00011000
00001110
00011000
00011000
01110000
00000000
126
01110110
11011100
00000000
00000000
00000000
00000000
00000000
00000000
127
11001100
00110011
11001100
00110011
11001100
00110011
11001100
00110011
129
01100110
00000000
01100110
01100110
01100110
01100110
00111110
00000000
130
00000110
00001000
00111100
01100110
01111110
01100000
00111100
00000000
131
00011000
00100100
01111000
00001100
01111100
11001100
01110110
00000000
132
01100110
00000000
01111000
00001100
01111100
11001100
01110110
00000000
133
00011000
00001100
01111000
00001100
01111100
11001100
01110110
00000000
135
00000000
00000000
00111100
01100110
01100000
00111110
00001000
00011000
136
00011000
00100100
00111100
01100110
01111110
01100000
00111100
00000000
137
01100110
00000000
00111100
01100110
01111110
01100000
00111100
00000000
138
00011000
00000100
00111100
01100110
01111110
01100000
00111100
00000000
139
01100110
00000000
00111000
00011000
00011000
00011000
00111100
00000000
140
00011000
00100100
00111000
00011000
00011000
00011000
00111100
00000000
147
00011000
00100100
00111100
01100110
01100110
01100110
00111100
00000000
148
01100110
00000000
00111100
01100110
01100110
01100110
00111100
00000000
150
00011000
00100100
00000000
01100110
01100110
01100110
00111110
00000000
151
00011000
00000100
01100110
01100110
01100110
01100110
00111110
00000000
156
00111100
01100110
01100000
11111000
01100000
01100110
11111110
00000000
157
00000000
00011000
00011000
00111100
00111100
01111110
01111110
00000000
158
00000000
01111110
01111110
00111100
00111100
00011000
00011000
00000000
159
00000000
00000110
00011110
01111110
01111110
00011110
00000110
00000000
160
00000000
01100000
01111000
01111110
01111110
01111000
01100000
00000000
